100000000	10.832294	3.462745
100000000	10.832294	1.928904
100000000	10.832294	1.602452
100000000	10.832294	0.982461
100000000	10.832294	1.176324
100000000	10.832294	0.639424
100000000	10.832294	0.586205
100000000	10.832294	0.498182
100000000	10.832294	0.548633
100000000	10.832294	0.401597
100000000	10.832294	0.469141
100000000	10.832294	0.352111
100000000	10.832294	0.325092
100000000	10.832294	0.450848
100000000	10.832294	0.296590
100000000	10.832294	0.279600
100000000	10.832294	0.303229
100000000	10.832294	0.244042
100000000	10.832294	0.230394
100000000	10.832294	0.271732
100000000	10.832294	0.210301
100000000	10.832294	0.198559
100000000	10.832294	0.190514
100000000	10.832294	0.184235
100000000	10.832294	0.177654
100000000	10.832294	0.170098
100000000	10.832294	0.185522
100000000	10.832294	0.241466
100000000	10.832294	0.198272
100000000	10.832294	0.148075
100000000	10.832294	0.184878
100000000	10.832294	0.137312
100000000	10.832294	3.494375
100000000	10.832294	1.943066
100000000	10.832294	1.306643
100000000	10.832294	0.993063
100000000	10.832294	0.770619
100000000	10.832294	0.641932
100000000	10.832294	0.857633
100000000	10.832294	0.616285
100000000	10.832294	0.443636
100000000	10.832294	0.399320
100000000	10.832294	0.387372
100000000	10.832294	0.356512
100000000	10.832294	0.325943
100000000	10.832294	0.304464
100000000	10.832294	0.294026
100000000	10.832294	0.347014
100000000	10.832294	0.260415
100000000	10.832294	0.245065
100000000	10.832294	0.236237
100000000	10.832294	0.220573
100000000	10.832294	0.281437
100000000	10.832294	0.247880
100000000	10.832294	0.195562
100000000	10.832294	0.229169
100000000	10.832294	0.178164
100000000	10.832294	0.172751
100000000	10.832294	0.248979
100000000	10.832294	0.158247
100000000	10.832294	0.151239
100000000	10.832294	0.148224
100000000	10.832294	0.190086
100000000	10.832294	0.138345
100000000	10.832294	3.494393
100000000	10.832294	1.947107
100000000	10.832294	1.302812
100000000	10.832294	0.987348
100000000	10.832294	0.771304
100000000	10.832294	0.643789
100000000	10.832294	0.569199
100000000	10.832294	0.508889
100000000	10.832294	0.446830
100000000	10.832294	0.404346
100000000	10.832294	0.511302
100000000	10.832294	0.363094
100000000	10.832294	0.328097
100000000	10.832294	0.304519
100000000	10.832294	0.292285
100000000	10.832294	0.276558
100000000	10.832294	0.264146
100000000	10.832294	0.301041
100000000	10.832294	0.234432
100000000	10.832294	0.269733
100000000	10.832294	0.278886
100000000	10.832294	0.257247
100000000	10.832294	0.191786
100000000	10.832294	0.224615
100000000	10.832294	0.271641
100000000	10.832294	0.207543
100000000	10.832294	0.220566
100000000	10.832294	0.206061
100000000	10.832294	0.193057
100000000	10.832294	0.181632
100000000	10.832294	0.163350
100000000	10.832294	0.143554
