10000000	10.832294	0.344210
20000000	10.832294	0.388170
30000000	10.832294	0.390001
40000000	10.832294	0.518626
50000000	10.832294	0.385589
60000000	10.832294	0.385163
70000000	10.832294	0.402867
80000000	10.832294	0.402518
90000000	10.832294	0.497029
100000000	10.832294	0.399707
110000000	10.832294	0.522458
120000000	10.832294	0.426415
130000000	10.832294	0.430454
140000000	10.832294	0.433455
150000000	10.832294	0.440455
160000000	10.832294	0.442106
170000000	10.832294	0.446587
180000000	10.832294	0.439165
190000000	10.832294	0.447222
200000000	10.832294	0.449509
210000000	10.832294	0.442524
220000000	10.832294	0.541686
230000000	10.832294	0.446042
240000000	10.832294	0.542411
250000000	10.832294	0.450548
260000000	10.832294	0.450290
270000000	10.832294	0.595294
280000000	10.832294	0.441939
290000000	10.832294	0.453508
300000000	10.832294	0.451187
310000000	10.832294	0.601007
320000000	10.832294	0.439977
