16

1 2 3 4 5 6 7 8 1 2 3 4 5 6 7 8
5 6 7 8 1 2 3 4 5 6 7 8 1 2 3 4
9 10 11 12 13 14 15 16 9 10 11 12 13 14 15 16
13 14 15 16 9 10 11 12 13 14 15 16 9 10 11 12
20 21 22 23 24 25 26 27 20 21 22 23 24 25 26 27
24 25 26 27 20 21 22 23 24 25 26 27 20 21 22 23
28 29 30 31 32 33 34 35 28 29 30 31 32 33 34 35
32 33 34 35 28 29 30 31 32 33 34 35 28 29 30 31
20 21 22 23 24 25 26 27 20 21 22 23 24 25 26 27
24 25 26 27 20 21 22 23 24 25 26 27 20 21 22 23
28 29 30 31 32 33 34 35 28 29 30 31 32 33 34 35
32 33 34 35 28 29 30 31 32 33 34 35 28 29 30 31
1 2 3 4 5 6 7 8 1 2 3 4 5 6 7 8
5 6 7 8 1 2 3 4 5 6 7 8 1 2 3 4
9 10 11 12 13 14 15 16 9 10 11 12 13 14 15 16
13 14 15 16 9 10 11 12 13 14 15 16 9 10 11 12

20 21 22 23 24 25 26 27 20 21 22 23 24 25 26 27
24 25 26 27 20 21 22 23 24 25 26 27 20 21 22 23
28 29 30 31 32 33 34 35 28 29 30 31 32 33 34 35
32 33 34 35 28 29 30 31 32 33 34 35 28 29 30 31
1 2 3 4 5 6 7 8 1 2 3 4 5 6 7 8
5 6 7 8 1 2 3 4 5 6 7 8 1 2 3 4
9 10 11 12 13 14 15 16 9 10 11 12 13 14 15 16
13 14 15 16 9 10 11 12 13 14 15 16 9 10 11 12
1 2 3 4 5 6 7 8 1 2 3 4 5 6 7 8
5 6 7 8 1 2 3 4 5 6 7 8 1 2 3 4
9 10 11 12 13 14 15 16 9 10 11 12 13 14 15 16
13 14 15 16 9 10 11 12 13 14 15 16 9 10 11 12
20 21 22 23 24 25 26 27 20 21 22 23 24 25 26 27
24 25 26 27 20 21 22 23 24 25 26 27 20 21 22 23
28 29 30 31 32 33 34 35 28 29 30 31 32 33 34 35
32 33 34 35 28 29 30 31 32 33 34 35 28 29 30 31
